# unix_time, cycles_done, cur_path, paths_total, pending_total, pending_favs, map_size, unique_crashes, unique_hangs, max_depth, execs_per_sec
1561047719, 0, 0, 3, 3, 2, 1.74%, 0, 0, 1, 79.47
1561047734, 0, 0, 12, 12, 2, 2.14%, 0, 0, 2, 96.55
1561047739, 0, 0, 33, 33, 2, 2.42%, 0, 0, 2, 94.02
1561047775, 0, 0, 49, 49, 2, 2.46%, 0, 0, 2, 89.52
1561047780, 0, 0, 52, 52, 2, 2.46%, 0, 0, 2, 90.50
1561047785, 0, 0, 53, 53, 2, 2.46%, 0, 0, 2, 86.64
1561047806, 0, 0, 56, 56, 2, 2.47%, 0, 0, 2, 93.93
1561047811, 0, 0, 57, 57, 2, 2.47%, 0, 0, 2, 95.04
1561047816, 0, 0, 63, 63, 2, 2.47%, 0, 0, 2, 95.13
1561047832, 0, 0, 67, 67, 2, 2.49%, 0, 0, 2, 94.12
1561047837, 0, 0, 70, 70, 2, 2.54%, 0, 0, 2, 94.19
1561047842, 0, 0, 76, 76, 2, 2.55%, 0, 0, 2, 86.67
1561047847, 0, 0, 78, 78, 2, 2.55%, 0, 0, 2, 92.01
1561047857, 0, 0, 83, 83, 2, 2.55%, 0, 0, 2, 85.66
1561047862, 0, 0, 84, 84, 2, 2.55%, 0, 0, 2, 78.46
1561047868, 0, 0, 87, 87, 2, 2.56%, 0, 0, 2, 77.05
1561047873, 0, 0, 97, 97, 2, 2.57%, 0, 0, 2, 76.69
1561047878, 0, 0, 99, 99, 2, 2.57%, 0, 0, 2, 77.09
1561047883, 0, 0, 100, 100, 2, 2.57%, 0, 0, 2, 72.75
1561047888, 0, 0, 114, 114, 2, 2.70%, 0, 0, 2, 73.29
1561047898, 0, 0, 129, 129, 2, 2.74%, 0, 0, 2, 72.74
1561047904, 0, 0, 141, 141, 2, 2.77%, 0, 0, 2, 74.63
1561047909, 0, 0, 145, 145, 2, 2.77%, 0, 0, 2, 73.61
1561047914, 0, 0, 151, 151, 2, 2.78%, 0, 0, 2, 71.84
1561047919, 0, 0, 154, 154, 2, 2.78%, 0, 0, 2, 72.77
1561047924, 0, 0, 157, 157, 2, 2.78%, 0, 0, 2, 75.48
1561047929, 0, 0, 163, 163, 2, 2.79%, 0, 0, 2, 75.18
1561047934, 0, 0, 166, 166, 2, 2.79%, 0, 0, 2, 76.19
1561047940, 0, 0, 173, 173, 2, 2.80%, 0, 0, 2, 77.16
1561047945, 0, 0, 178, 178, 2, 2.81%, 0, 0, 2, 76.52
1561047950, 0, 0, 179, 179, 2, 2.81%, 0, 0, 2, 76.21
1561047955, 0, 0, 180, 180, 2, 2.81%, 0, 0, 2, 76.03
1561047960, 0, 0, 184, 184, 2, 2.81%, 0, 0, 2, 76.63
1561047965, 0, 0, 186, 186, 2, 2.81%, 0, 0, 2, 75.82
1561047971, 0, 0, 195, 195, 2, 2.88%, 0, 0, 2, 77.56
1561047976, 0, 0, 215, 215, 2, 2.92%, 0, 0, 2, 75.69
1561047981, 0, 0, 218, 218, 2, 2.93%, 1, 0, 2, 68.39
1561047986, 0, 0, 230, 230, 2, 3.04%, 1, 0, 2, 74.36
1561047991, 0, 0, 232, 232, 2, 3.05%, 1, 0, 2, 77.06
1561047996, 0, 0, 241, 241, 2, 3.07%, 1, 0, 2, 78.48
1561048001, 0, 0, 245, 245, 2, 3.20%, 1, 0, 2, 78.66
1561048006, 0, 0, 249, 249, 2, 3.20%, 1, 0, 2, 77.38
1561048042, 0, 0, 251, 251, 2, 3.21%, 1, 0, 2, 76.52
1561048151, 0, 0, 255, 255, 2, 3.21%, 1, 0, 2, 76.05
1561048166, 0, 0, 257, 257, 2, 3.22%, 1, 0, 2, 73.80
1561048176, 0, 0, 265, 265, 2, 3.26%, 1, 0, 2, 75.20
1561048181, 0, 0, 266, 266, 2, 3.27%, 1, 0, 2, 76.72
1561048197, 0, 0, 267, 267, 2, 3.27%, 1, 0, 2, 76.87
1561048207, 0, 0, 269, 269, 2, 3.27%, 1, 0, 2, 76.34
1561048212, 0, 0, 270, 270, 2, 3.27%, 1, 0, 2, 77.49
1561048228, 0, 0, 271, 271, 2, 3.27%, 1, 0, 2, 75.17
1561048238, 0, 0, 272, 272, 2, 3.27%, 1, 0, 2, 76.42
1561048243, 0, 0, 278, 278, 2, 3.27%, 1, 0, 2, 76.43
1561048248, 0, 0, 281, 281, 2, 3.27%, 1, 0, 2, 73.17
1561048253, 0, 0, 282, 282, 2, 3.28%, 1, 0, 2, 75.82
1561048259, 0, 0, 284, 284, 2, 3.28%, 1, 0, 2, 78.71
1561048264, 0, 0, 286, 286, 2, 3.28%, 1, 0, 2, 79.16
1561048269, 0, 0, 288, 288, 2, 3.29%, 1, 0, 2, 78.83
1561048433, 0, 0, 290, 290, 2, 3.29%, 1, 0, 2, 77.08
1561048439, 0, 0, 291, 291, 2, 3.29%, 1, 0, 2, 76.39
1561048454, 0, 0, 292, 292, 2, 3.30%, 1, 0, 2, 77.24
1561048469, 0, 0, 293, 293, 2, 3.30%, 1, 0, 2, 76.73
1561048510, 0, 0, 294, 294, 2, 3.30%, 1, 0, 2, 74.37
1561048521, 0, 0, 297, 297, 2, 3.30%, 1, 0, 2, 78.74
1561048546, 0, 0, 298, 298, 2, 3.30%, 1, 0, 2, 77.00
1561048557, 0, 0, 300, 300, 2, 3.31%, 1, 0, 2, 76.55
1561048567, 0, 0, 301, 301, 2, 3.31%, 1, 0, 2, 77.10
1561048572, 0, 0, 304, 304, 2, 3.31%, 1, 0, 2, 77.30
1561048582, 0, 0, 306, 306, 2, 3.31%, 1, 0, 2, 76.79
1561048588, 0, 0, 307, 307, 2, 3.31%, 1, 0, 2, 77.15
1561048598, 0, 0, 308, 308, 2, 3.31%, 1, 0, 2, 77.69
1561048603, 0, 0, 317, 317, 2, 3.32%, 1, 0, 2, 81.93
1561048608, 0, 0, 323, 323, 2, 3.32%, 1, 0, 2, 82.59
1561048613, 0, 0, 325, 325, 2, 3.32%, 1, 0, 2, 80.64
1561048618, 0, 0, 327, 327, 2, 3.33%, 1, 0, 2, 76.75
1561048988, 0, 0, 328, 328, 2, 3.34%, 1, 0, 2, 78.77
1561049019, 0, 0, 329, 329, 2, 3.34%, 1, 0, 2, 79.53
1561049024, 0, 0, 330, 330, 2, 3.35%, 1, 0, 2, 75.80
1561049034, 0, 0, 331, 331, 2, 3.35%, 1, 0, 2, 79.04
1561049060, 0, 0, 332, 332, 2, 3.36%, 1, 0, 2, 70.39
1561049151, 0, 0, 333, 333, 2, 3.36%, 1, 0, 2, 74.85
1561049177, 0, 0, 334, 334, 2, 3.37%, 1, 0, 2, 74.26
1561049340, 0, 0, 336, 336, 2, 3.38%, 1, 0, 2, 73.10
1561049351, 0, 0, 343, 343, 2, 3.39%, 1, 0, 2, 76.83
1561049381, 0, 0, 345, 345, 2, 3.39%, 1, 0, 2, 79.08
1561049391, 0, 0, 346, 346, 2, 3.39%, 1, 0, 2, 79.87
1561049427, 0, 0, 348, 348, 2, 3.39%, 1, 0, 2, 87.25
1561049488, 0, 0, 349, 349, 2, 3.39%, 1, 0, 2, 79.26
1561049498, 0, 0, 350, 350, 2, 3.39%, 1, 0, 2, 2.29
1561049508, 0, 0, 351, 351, 2, 3.39%, 1, 0, 2, 81.18
1561049533, 0, 0, 352, 352, 2, 3.39%, 1, 0, 2, 3.73
1561049549, 0, 0, 353, 353, 2, 3.39%, 1, 0, 2, 77.83
1561049589, 0, 0, 354, 354, 2, 3.39%, 1, 0, 2, 2.24
1561050287, 0, 0, 355, 355, 2, 3.40%, 1, 0, 2, 77.83
1561050302, 0, 0, 356, 356, 2, 3.40%, 1, 0, 2, 88.13
1561050525, 0, 0, 357, 357, 2, 3.40%, 1, 0, 2, 78.83
1561051299, 0, 0, 358, 358, 2, 3.40%, 1, 0, 2, 77.19
1561051339, 0, 0, 360, 360, 2, 3.40%, 1, 0, 2, 4.20
1561051385, 0, 0, 362, 362, 2, 3.40%, 1, 0, 2, 78.27
1561051390, 0, 0, 365, 365, 2, 3.40%, 1, 0, 2, 79.90
1561051395, 0, 0, 368, 368, 2, 3.40%, 1, 0, 2, 78.10
1561051400, 0, 0, 369, 369, 2, 3.40%, 1, 0, 2, 76.86
1561051426, 0, 0, 371, 371, 2, 3.41%, 1, 0, 2, 76.02
1561051431, 0, 0, 372, 372, 2, 3.41%, 1, 0, 2, 4.33
1561051472, 0, 0, 373, 373, 2, 3.41%, 1, 0, 2, 77.20
1561051477, 0, 0, 378, 378, 2, 3.41%, 1, 0, 2, 75.64
1561051482, 0, 0, 380, 380, 2, 3.42%, 1, 0, 2, 88.55
1561051487, 0, 0, 383, 383, 2, 3.42%, 1, 0, 2, 77.27
1561051492, 0, 0, 388, 388, 2, 3.42%, 1, 0, 2, 81.25
1561051497, 0, 0, 389, 389, 2, 3.43%, 1, 0, 2, 90.80
1561051502, 0, 0, 390, 390, 2, 3.43%, 1, 0, 2, 79.92
1561051702, 0, 0, 391, 391, 2, 3.43%, 1, 0, 2, 82.28
1561051752, 0, 0, 393, 393, 2, 3.43%, 1, 0, 2, 78.44
1561051767, 0, 0, 394, 394, 2, 3.43%, 1, 0, 2, 80.46
1561051874, 0, 0, 395, 395, 2, 3.43%, 1, 0, 2, 79.12
1561051879, 0, 0, 395, 395, 2, 3.43%, 2, 0, 2, 64.56
1561052001, 0, 0, 396, 396, 2, 3.43%, 2, 0, 2, 3.48
1561052072, 0, 0, 397, 397, 2, 3.43%, 2, 0, 2, 3.79
1561052093, 0, 0, 401, 401, 2, 3.44%, 2, 0, 2, 83.39
1561052098, 0, 0, 407, 407, 2, 3.44%, 2, 0, 2, 82.94
1561052103, 0, 0, 414, 414, 2, 3.45%, 2, 0, 2, 2.27
1561052109, 0, 0, 416, 416, 2, 3.45%, 2, 0, 2, 87.09
1561052114, 0, 0, 417, 417, 2, 3.45%, 2, 0, 2, 77.26
1561052119, 0, 0, 419, 419, 2, 3.45%, 2, 0, 2, 87.85
1561052129, 0, 0, 420, 420, 2, 3.45%, 2, 0, 2, 85.00
1561052134, 0, 0, 421, 421, 2, 3.46%, 2, 0, 2, 84.15
1561052139, 0, 0, 424, 424, 2, 3.46%, 2, 0, 2, 3.46
1561052149, 0, 0, 427, 427, 2, 3.47%, 2, 0, 2, 85.64
1561052154, 0, 0, 429, 429, 2, 3.47%, 2, 0, 2, 85.65
1561052159, 0, 0, 430, 430, 2, 3.47%, 2, 0, 2, 86.34
1561052170, 0, 0, 431, 431, 2, 3.47%, 2, 0, 2, 84.59
1561052175, 0, 0, 432, 432, 2, 3.47%, 2, 0, 2, 84.82
1561052185, 0, 0, 436, 436, 2, 3.47%, 2, 0, 2, 88.23
1561052190, 0, 0, 437, 437, 2, 3.47%, 3, 0, 2, 3.80
1561052195, 0, 0, 440, 440, 2, 3.47%, 3, 0, 2, 82.85
1561052200, 0, 0, 441, 441, 2, 3.47%, 3, 0, 2, 88.50
1561052205, 0, 0, 443, 443, 2, 3.47%, 3, 0, 2, 85.08
1561052210, 0, 0, 444, 444, 2, 3.47%, 3, 0, 2, 86.38
1561052215, 0, 0, 447, 447, 2, 3.47%, 3, 0, 2, 85.88
1561052220, 0, 0, 448, 448, 2, 3.47%, 3, 0, 2, 86.06
1561052231, 0, 0, 450, 450, 2, 3.47%, 3, 0, 2, 82.93
1561052241, 0, 0, 451, 451, 2, 3.47%, 3, 0, 2, 83.21
1561052246, 0, 0, 452, 452, 2, 3.47%, 3, 0, 2, 85.18
1561052251, 0, 0, 453, 453, 2, 3.48%, 3, 0, 2, 81.49
1561052256, 0, 0, 454, 454, 2, 3.48%, 3, 0, 2, 82.93
1561052272, 0, 0, 454, 454, 2, 3.48%, 4, 0, 2, 3.91
1561052297, 0, 0, 455, 455, 2, 3.48%, 4, 0, 2, 84.85
1561052313, 0, 1, 456, 455, 166, 3.48%, 4, 0, 2, 79.29
1561052333, 0, 1, 458, 457, 166, 3.48%, 4, 0, 2, 82.23
1561052339, 0, 1, 459, 458, 166, 3.48%, 4, 0, 2, 78.70
1561052528, 0, 1, 460, 459, 166, 3.48%, 4, 0, 2, 79.22
1561052553, 0, 1, 463, 462, 166, 3.48%, 4, 0, 2, 78.82
1561052619, 0, 1, 464, 463, 166, 3.48%, 4, 0, 2, 76.19
1561052624, 0, 1, 469, 468, 166, 3.48%, 4, 0, 2, 68.34
1561052630, 0, 1, 470, 469, 166, 3.48%, 4, 0, 2, 75.95
1561052635, 0, 1, 472, 471, 166, 3.48%, 4, 0, 2, 79.60
1561052650, 0, 1, 473, 472, 166, 3.48%, 4, 0, 2, 72.97
1561052838, 0, 1, 474, 473, 166, 3.48%, 4, 0, 2, 76.92
1561052858, 0, 1, 476, 475, 166, 3.48%, 4, 0, 2, 81.34
1561052898, 0, 1, 477, 476, 166, 3.48%, 4, 0, 2, 3.91
1561052944, 0, 1, 478, 477, 166, 3.48%, 4, 0, 2, 3.50
1561052949, 0, 1, 479, 478, 166, 3.48%, 4, 0, 2, 81.57
1561053248, 0, 1, 480, 479, 166, 3.48%, 4, 0, 2, 84.44
1561053355, 0, 1, 481, 480, 166, 3.48%, 4, 0, 2, 84.53
1561054113, 0, 1, 482, 481, 166, 3.48%, 4, 0, 2, 3.68
1561054118, 0, 1, 483, 482, 166, 3.48%, 4, 0, 2, 70.29
1561056251, 0, 1, 486, 485, 166, 3.48%, 4, 0, 2, 76.52
1561056262, 0, 1, 490, 489, 166, 3.48%, 4, 0, 2, 83.79
1561056865, 0, 1, 491, 490, 166, 3.48%, 4, 0, 2, 87.79
1561056875, 0, 1, 492, 491, 166, 3.48%, 4, 0, 2, 83.78
1561056881, 0, 1, 493, 492, 166, 3.48%, 4, 0, 2, 87.03
1561056886, 0, 1, 494, 493, 166, 3.48%, 4, 0, 2, 84.41
1561056921, 0, 1, 496, 495, 166, 3.48%, 4, 0, 2, 85.43
1561056927, 0, 1, 497, 496, 166, 3.54%, 4, 0, 2, 82.46
1561056932, 0, 1, 498, 497, 166, 3.54%, 4, 0, 2, 85.53
1561056937, 0, 1, 499, 498, 166, 3.54%, 4, 0, 2, 3.53
1561056942, 0, 1, 500, 499, 166, 3.54%, 4, 0, 2, 87.22
1561056947, 0, 1, 501, 500, 166, 3.54%, 4, 0, 2, 3.55
1561056952, 0, 1, 502, 501, 166, 3.55%, 4, 0, 2, 87.62
1561056958, 0, 1, 503, 502, 166, 3.55%, 4, 0, 2, 87.23
1561056973, 0, 1, 505, 504, 166, 3.55%, 5, 0, 2, 83.08
1561056993, 0, 1, 506, 505, 166, 3.55%, 5, 0, 2, 86.72
1561057013, 0, 1, 507, 506, 166, 3.55%, 5, 0, 2, 89.47
1561057018, 0, 1, 508, 507, 166, 3.55%, 5, 0, 2, 87.32
1561057029, 0, 1, 509, 508, 166, 3.55%, 5, 0, 2, 89.69
1561057044, 0, 1, 510, 509, 166, 3.55%, 5, 0, 2, 3.26
1561057049, 0, 1, 511, 510, 166, 3.55%, 5, 0, 2, 87.09
1561057054, 0, 1, 513, 512, 166, 3.55%, 5, 0, 2, 86.13
1561057059, 0, 1, 514, 513, 166, 3.55%, 5, 0, 2, 89.11
1561057069, 0, 1, 515, 514, 166, 3.55%, 5, 0, 2, 84.95
1561057085, 0, 3, 515, 513, 163, 3.55%, 5, 0, 2, 90.44
1561057161, 0, 3, 521, 519, 163, 3.58%, 5, 0, 3, 92.65
1561057218, 0, 3, 522, 520, 163, 3.59%, 5, 0, 3, 88.69
1561057238, 0, 3, 524, 522, 163, 3.59%, 5, 0, 3, 90.75
1561057269, 0, 3, 525, 523, 163, 3.60%, 5, 0, 3, 81.44
1561057284, 0, 3, 526, 524, 163, 3.60%, 5, 0, 3, 56.49
1561057289, 0, 3, 527, 525, 163, 3.61%, 5, 0, 3, 65.18
1561057314, 0, 3, 528, 526, 163, 3.61%, 5, 0, 3, 3.57
1561057335, 0, 3, 529, 527, 163, 3.64%, 5, 0, 3, 3.88
1561057376, 0, 4, 529, 526, 172, 3.64%, 5, 0, 3, 91.82
1561057452, 0, 5, 529, 525, 171, 3.64%, 5, 0, 3, 3.68
1561057534, 0, 6, 529, 524, 170, 3.64%, 5, 0, 3, 92.78
1561057610, 0, 8, 529, 523, 169, 3.64%, 5, 0, 3, 93.54
1561057692, 0, 10, 529, 522, 168, 3.64%, 5, 0, 3, 88.22
1561057707, 0, 10, 530, 523, 168, 3.65%, 5, 0, 3, 87.80
1561057712, 0, 10, 531, 524, 168, 3.65%, 5, 0, 3, 79.19
1561057753, 0, 10, 535, 528, 168, 3.65%, 5, 0, 3, 3.17
1561057829, 0, 10, 536, 529, 168, 3.65%, 5, 0, 3, 81.85
1561057834, 0, 10, 538, 531, 168, 3.65%, 5, 0, 3, 77.29
1561057839, 0, 10, 539, 532, 168, 3.65%, 5, 0, 3, 78.47
1561057885, 0, 10, 540, 533, 168, 3.65%, 5, 0, 3, 80.05
1561057890, 0, 10, 541, 534, 168, 3.65%, 5, 0, 3, 76.78
1561057895, 0, 10, 542, 535, 168, 3.65%, 5, 0, 3, 82.51
1561057900, 0, 10, 543, 536, 168, 3.65%, 5, 0, 3, 77.20
1561057905, 0, 10, 544, 537, 168, 3.65%, 5, 0, 3, 80.00
1561057961, 0, 10, 546, 539, 168, 3.66%, 5, 0, 3, 79.15
1561057966, 0, 10, 551, 544, 168, 3.66%, 6, 0, 3, 47.50
1561058032, 0, 10, 552, 545, 168, 3.66%, 6, 0, 3, 78.34
1561058169, 0, 10, 553, 546, 168, 3.66%, 6, 0, 3, 78.00
1561058526, 0, 10, 554, 547, 168, 3.66%, 6, 0, 3, 80.95
1561058567, 0, 10, 555, 548, 168, 3.66%, 6, 0, 3, 80.96
1561058577, 0, 10, 556, 549, 168, 3.66%, 6, 0, 3, 4.67
1561059375, 0, 10, 557, 550, 168, 3.66%, 6, 0, 3, 80.15
1561059385, 0, 10, 559, 552, 168, 3.66%, 6, 0, 3, 76.74
1561061527, 0, 10, 560, 553, 168, 3.66%, 6, 0, 3, 83.74
1561061812, 0, 10, 561, 554, 168, 3.66%, 6, 0, 3, 79.61
1561062153, 0, 11, 561, 553, 171, 3.66%, 6, 0, 3, 89.83
1561062173, 0, 11, 562, 554, 171, 3.66%, 6, 0, 3, 85.44
1561062178, 0, 11, 564, 556, 171, 3.66%, 6, 0, 3, 76.59
1561062355, 0, 11, 566, 558, 171, 3.66%, 6, 0, 3, 75.47
1561062365, 0, 11, 567, 559, 171, 3.66%, 6, 0, 3, 76.10
1561062370, 0, 11, 571, 563, 171, 3.66%, 6, 0, 3, 78.88
1561062396, 0, 11, 572, 564, 171, 3.66%, 6, 0, 3, 74.51
1561062406, 0, 11, 574, 566, 171, 3.66%, 6, 0, 3, 81.64
1561062436, 0, 11, 576, 568, 171, 3.66%, 6, 0, 3, 77.94
1561062442, 0, 11, 578, 570, 171, 3.66%, 6, 0, 3, 6.43
1561062447, 0, 11, 578, 570, 171, 3.66%, 7, 0, 3, 88.38
1561062452, 0, 11, 579, 571, 171, 3.66%, 7, 0, 3, 78.90
1561062457, 0, 11, 580, 572, 171, 3.66%, 7, 0, 3, 75.47
1561062462, 0, 11, 581, 573, 171, 3.67%, 7, 0, 3, 81.00
1561062513, 0, 11, 582, 574, 171, 3.67%, 7, 0, 3, 76.25
1561062660, 0, 11, 583, 575, 171, 3.67%, 7, 0, 3, 66.99
1561062681, 0, 11, 584, 576, 171, 3.67%, 7, 0, 3, 2.22
1561062701, 0, 11, 585, 577, 171, 3.67%, 7, 0, 3, 75.48
1561062731, 0, 11, 586, 578, 171, 3.67%, 7, 0, 3, 78.06
1561062736, 0, 11, 588, 580, 171, 3.67%, 7, 0, 3, 3.94
1561063042, 0, 11, 589, 581, 171, 3.67%, 7, 0, 3, 88.34
1561063545, 0, 11, 590, 582, 171, 3.67%, 7, 0, 3, 74.80
1561065100, 0, 11, 591, 583, 171, 3.67%, 7, 0, 3, 4.12
1561066080, 0, 11, 592, 584, 171, 3.67%, 7, 0, 3, 75.71
1561066487, 0, 11, 592, 584, 171, 3.67%, 8, 0, 3, 51.11
1561066686, 0, 11, 593, 585, 171, 3.67%, 8, 0, 3, 79.05
1561066716, 0, 13, 593, 584, 176, 3.67%, 8, 0, 3, 81.97
1561066736, 0, 13, 595, 586, 176, 3.67%, 8, 0, 3, 82.64
1561066981, 0, 13, 596, 587, 176, 3.67%, 8, 0, 3, 78.31
1561066996, 0, 13, 597, 588, 176, 3.67%, 8, 0, 3, 84.11
1561067169, 0, 13, 598, 589, 176, 3.68%, 8, 0, 3, 81.95
1561067174, 0, 13, 599, 590, 176, 3.68%, 8, 0, 3, 82.94
1561067189, 0, 13, 600, 591, 176, 3.68%, 8, 0, 3, 81.73
1561067214, 0, 13, 601, 592, 176, 3.68%, 8, 0, 3, 82.16
1561067219, 0, 13, 602, 593, 176, 3.68%, 8, 0, 3, 82.55
1561067245, 0, 13, 603, 594, 176, 3.69%, 8, 0, 3, 3.88
1561067494, 0, 13, 604, 595, 176, 3.69%, 8, 0, 3, 80.26
1561067510, 0, 13, 605, 596, 176, 3.69%, 8, 0, 3, 81.80
1561067581, 0, 13, 607, 598, 176, 3.69%, 8, 0, 3, 83.59
1561067621, 0, 13, 608, 599, 176, 3.69%, 8, 0, 3, 84.20
1561067672, 0, 13, 609, 600, 176, 3.69%, 8, 0, 3, 82.18
1561067845, 0, 13, 610, 601, 176, 3.69%, 8, 0, 3, 78.33
1561067972, 0, 13, 611, 602, 176, 3.69%, 8, 0, 3, 86.12
1561068841, 0, 13, 612, 603, 176, 3.69%, 8, 0, 3, 84.49
1561069019, 0, 17, 612, 602, 181, 3.69%, 8, 0, 3, 83.38
1561069024, 0, 17, 613, 603, 181, 3.69%, 8, 0, 3, 3.80
1561069029, 0, 17, 614, 604, 181, 3.69%, 8, 0, 3, 3.92
1561069034, 0, 17, 615, 605, 181, 3.69%, 8, 0, 3, 91.39
1561069208, 0, 17, 617, 607, 181, 3.69%, 8, 0, 3, 3.51
1561069218, 0, 17, 618, 608, 181, 3.69%, 8, 0, 3, 85.47
1561069233, 0, 19, 618, 607, 182, 3.69%, 8, 0, 3, 89.27
1561069423, 0, 20, 618, 606, 181, 3.69%, 8, 0, 3, 2.20
1561069443, 0, 20, 619, 607, 181, 3.69%, 8, 0, 3, 85.54
1561071516, 0, 21, 619, 606, 180, 3.69%, 8, 0, 3, 3.79
1561071536, 0, 21, 625, 612, 180, 3.71%, 8, 0, 3, 77.29
1561071577, 0, 21, 626, 613, 180, 3.71%, 8, 0, 3, 75.78
1561071592, 0, 21, 627, 614, 180, 3.72%, 8, 0, 3, 72.82
1561071745, 0, 21, 628, 615, 180, 3.72%, 8, 0, 3, 76.15
1561071806, 0, 21, 628, 615, 180, 3.72%, 9, 0, 3, 2.14
1561071821, 0, 21, 629, 616, 180, 3.72%, 9, 0, 3, 78.49
1561071832, 0, 21, 633, 620, 180, 3.73%, 9, 0, 3, 85.94
1561072060, 0, 21, 634, 621, 180, 3.73%, 9, 0, 3, 73.37
1561072497, 0, 21, 635, 622, 180, 3.73%, 9, 0, 3, 80.81
1561072502, 0, 21, 636, 623, 180, 3.73%, 9, 0, 3, 88.65
