# unix_time, cycles_done, cur_path, paths_total, pending_total, pending_favs, map_size, unique_crashes, unique_hangs, max_depth, execs_per_sec
1560965435, 0, 0, 3, 3, 2, 1.68%, 0, 0, 1, 89.22
1560965440, 0, 1, 3, 3, 2, 1.68%, 0, 0, 1, 106.75
1560965450, 0, 1, 12, 12, 2, 2.10%, 0, 0, 2, 105.09
1560965455, 0, 1, 29, 29, 2, 2.27%, 0, 0, 2, 96.41
1560965496, 0, 1, 42, 42, 2, 2.29%, 0, 0, 2, 96.34
1560965506, 0, 1, 44, 44, 2, 2.30%, 0, 0, 2, 96.65
1560965521, 0, 1, 45, 45, 2, 2.30%, 0, 0, 2, 95.40
1560965526, 0, 1, 47, 47, 2, 2.30%, 0, 0, 2, 96.79
1560965542, 0, 1, 53, 53, 2, 2.31%, 0, 0, 2, 95.32
1560965562, 0, 1, 56, 56, 2, 2.33%, 0, 0, 2, 86.83
1560965572, 0, 1, 57, 57, 2, 2.33%, 0, 0, 2, 94.12
1560965588, 0, 1, 58, 58, 2, 2.33%, 0, 0, 2, 94.06
1560965593, 0, 1, 60, 60, 2, 2.33%, 0, 0, 2, 94.04
1560965598, 0, 1, 62, 62, 2, 2.34%, 0, 0, 2, 95.86
1560965603, 0, 1, 68, 68, 2, 2.35%, 0, 0, 2, 95.91
1560965608, 0, 1, 69, 69, 2, 2.35%, 0, 0, 2, 96.29
1560965613, 0, 1, 80, 80, 2, 2.42%, 0, 0, 2, 96.60
1560965618, 0, 1, 86, 86, 2, 2.46%, 0, 0, 2, 91.05
1560965624, 0, 1, 107, 107, 2, 2.51%, 0, 0, 2, 90.94
1560965629, 0, 1, 111, 111, 2, 2.54%, 1, 1, 2, 97.20
1560965634, 0, 1, 120, 120, 2, 2.55%, 1, 1, 2, 92.80
1560965639, 0, 1, 124, 124, 2, 2.55%, 1, 1, 2, 91.00
1560965644, 0, 1, 128, 128, 2, 2.55%, 1, 1, 2, 78.54
1560965654, 0, 1, 134, 134, 2, 2.56%, 1, 1, 2, 50.84
1560965659, 0, 1, 136, 136, 2, 2.56%, 1, 1, 2, 52.76
1560965665, 0, 1, 137, 137, 2, 2.56%, 1, 1, 2, 35.05
1560965670, 0, 1, 138, 138, 2, 2.56%, 1, 1, 2, 22.68
1560965675, 0, 1, 144, 144, 2, 2.57%, 1, 1, 2, 27.88
1560965680, 0, 1, 147, 147, 2, 2.57%, 2, 1, 2, 20.85
1560965685, 0, 1, 150, 150, 2, 2.57%, 2, 1, 2, 70.43
1560965695, 0, 1, 154, 154, 2, 2.58%, 2, 1, 2, 87.81
1560965701, 0, 1, 156, 156, 2, 2.58%, 2, 1, 2, 90.03
1560965706, 0, 1, 164, 164, 2, 2.58%, 3, 1, 2, 18.41
1560965711, 0, 1, 175, 175, 2, 2.65%, 3, 1, 2, 94.04
1560965716, 0, 1, 193, 193, 2, 2.69%, 4, 1, 2, 37.84
1560965721, 0, 1, 203, 203, 2, 2.77%, 4, 1, 2, 79.14
1560965726, 0, 1, 210, 210, 2, 2.79%, 4, 1, 2, 92.12
1560965732, 0, 1, 218, 218, 2, 2.82%, 5, 1, 2, 47.12
1560965737, 0, 1, 222, 222, 2, 2.95%, 5, 1, 2, 81.08
1560965742, 0, 1, 230, 230, 2, 2.96%, 5, 1, 2, 84.41
1560965783, 0, 1, 231, 231, 2, 2.96%, 5, 1, 2, 64.61
1560965932, 0, 1, 232, 232, 2, 2.96%, 5, 1, 2, 90.74
1560965937, 0, 1, 236, 236, 2, 3.00%, 5, 1, 2, 92.28
1560965942, 0, 1, 241, 241, 2, 3.02%, 5, 1, 2, 49.62
1560965947, 0, 1, 242, 242, 2, 3.02%, 5, 1, 2, 84.42
1560965957, 0, 1, 243, 243, 2, 3.02%, 5, 1, 2, 91.21
1560965968, 0, 1, 245, 245, 2, 3.02%, 5, 1, 2, 92.23
1560965973, 0, 1, 247, 247, 2, 3.02%, 5, 1, 2, 67.43
1560965988, 0, 1, 248, 248, 2, 3.03%, 5, 1, 2, 78.42
1560965993, 0, 1, 249, 249, 2, 3.03%, 5, 1, 2, 14.93
1560965998, 0, 1, 254, 254, 2, 3.03%, 5, 1, 2, 92.45
1560966003, 0, 1, 260, 260, 2, 3.03%, 5, 1, 2, 90.54
1560966014, 0, 1, 262, 262, 2, 3.03%, 5, 1, 2, 33.48
1560966019, 0, 1, 264, 264, 2, 3.03%, 5, 1, 2, 80.26
1560966024, 0, 1, 265, 265, 2, 3.03%, 5, 1, 2, 88.93
1560966188, 0, 1, 267, 267, 2, 3.05%, 5, 1, 2, 88.94
1560966198, 0, 1, 268, 268, 2, 3.05%, 5, 1, 2, 88.43
1560966218, 0, 1, 269, 269, 2, 3.05%, 5, 1, 2, 92.43
1560966229, 0, 1, 270, 270, 2, 3.05%, 5, 1, 2, 89.91
1560966249, 0, 1, 274, 274, 2, 3.05%, 5, 1, 2, 96.35
1560966259, 0, 1, 277, 277, 2, 3.05%, 5, 1, 2, 73.86
1560966280, 0, 1, 278, 278, 2, 3.05%, 5, 1, 2, 62.87
1560966285, 0, 1, 279, 279, 2, 3.06%, 5, 1, 2, 86.78
1560966295, 0, 1, 280, 280, 2, 3.06%, 5, 1, 2, 81.21
1560966300, 0, 1, 281, 281, 2, 3.06%, 5, 1, 2, 85.05
1560966305, 0, 1, 282, 282, 2, 3.06%, 5, 1, 2, 88.61
1560966310, 0, 1, 285, 285, 2, 3.06%, 5, 1, 2, 84.12
1560966321, 0, 1, 288, 288, 2, 3.07%, 5, 1, 2, 69.33
1560966326, 0, 1, 290, 290, 2, 3.07%, 5, 1, 2, 77.96
1560966331, 0, 1, 291, 291, 2, 3.07%, 5, 1, 2, 89.43
1560966336, 0, 1, 294, 294, 2, 3.07%, 5, 1, 2, 91.08
1560966341, 0, 1, 301, 301, 2, 3.08%, 5, 1, 2, 94.84
1560966346, 0, 1, 303, 303, 2, 3.08%, 5, 1, 2, 93.74
1560966352, 0, 1, 306, 306, 2, 3.09%, 5, 1, 2, 88.28
1560966613, 0, 1, 307, 307, 2, 3.10%, 5, 1, 2, 93.89
1560966634, 0, 1, 309, 309, 2, 3.11%, 5, 1, 2, 90.90
1560966644, 0, 1, 310, 310, 2, 3.11%, 5, 1, 2, 85.00
1560966675, 0, 1, 311, 311, 2, 3.11%, 5, 1, 2, 86.92
1560966695, 0, 1, 312, 312, 2, 3.12%, 5, 1, 2, 76.62
1560966742, 0, 1, 313, 313, 2, 3.12%, 5, 1, 2, 71.40
1560966762, 0, 1, 314, 314, 2, 3.12%, 5, 1, 2, 72.86
1560966901, 0, 1, 317, 317, 2, 3.14%, 5, 1, 2, 90.57
1560966906, 0, 1, 324, 324, 2, 3.14%, 5, 1, 2, 91.18
1560966911, 0, 1, 329, 329, 2, 3.14%, 5, 1, 2, 92.75
1560966916, 0, 1, 331, 331, 2, 3.14%, 5, 1, 2, 45.32
1560966937, 0, 1, 332, 332, 2, 3.14%, 5, 1, 2, 91.15
1560966973, 0, 1, 333, 333, 2, 3.14%, 5, 1, 2, 77.40
1560966978, 0, 1, 334, 334, 2, 3.14%, 5, 1, 2, 80.40
1560967009, 0, 1, 339, 339, 2, 3.14%, 5, 1, 2, 81.15
1560967019, 0, 1, 340, 340, 2, 3.15%, 5, 1, 2, 91.74
1560967034, 0, 1, 342, 342, 2, 3.15%, 5, 1, 2, 89.65
1560967039, 0, 1, 343, 343, 2, 3.15%, 5, 1, 2, 89.50
1560967045, 0, 1, 344, 344, 2, 3.15%, 5, 1, 2, 90.58
1560967055, 0, 1, 345, 345, 2, 3.15%, 5, 1, 2, 82.22
1560967065, 0, 1, 346, 346, 2, 3.15%, 5, 1, 2, 84.69
1560967081, 0, 1, 347, 347, 2, 3.15%, 5, 1, 2, 90.40
1560967111, 0, 1, 348, 348, 2, 3.15%, 5, 1, 2, 91.73
1560967347, 0, 1, 348, 348, 2, 3.15%, 6, 1, 2, 39.59
1560967660, 0, 1, 349, 349, 2, 3.15%, 6, 1, 2, 86.16
1560968067, 0, 1, 350, 350, 2, 3.15%, 6, 1, 2, 74.09
1560968545, 0, 1, 351, 351, 2, 3.16%, 6, 1, 2, 74.42
1560968581, 0, 1, 353, 353, 2, 3.16%, 6, 1, 2, 68.31
1560968586, 0, 1, 354, 354, 2, 3.16%, 6, 1, 2, 74.85
1560968591, 0, 1, 355, 355, 2, 3.16%, 6, 1, 2, 75.75
1560968684, 0, 1, 357, 357, 2, 3.17%, 6, 1, 2, 65.79
1560968689, 0, 1, 358, 358, 2, 3.17%, 6, 1, 2, 73.60
1560968714, 0, 1, 359, 359, 2, 3.17%, 6, 1, 2, 52.30
1560968730, 0, 1, 360, 360, 2, 3.17%, 6, 1, 2, 78.25
1560968735, 0, 1, 361, 361, 2, 3.17%, 6, 1, 2, 80.89
1560968740, 0, 1, 365, 365, 2, 3.17%, 6, 1, 2, 71.58
1560968745, 0, 1, 370, 370, 2, 3.18%, 6, 1, 2, 2.35
1560968761, 0, 1, 371, 371, 2, 3.18%, 6, 1, 2, 76.74
1560968766, 0, 1, 373, 373, 2, 3.19%, 6, 1, 2, 73.52
1560968776, 0, 1, 374, 374, 2, 3.19%, 6, 1, 2, 81.47
1560969015, 0, 1, 375, 375, 2, 3.19%, 6, 1, 2, 73.51
1560969137, 0, 1, 376, 376, 2, 3.19%, 6, 1, 2, 66.11
1560969143, 0, 1, 376, 376, 2, 3.19%, 7, 1, 2, 83.55
1560969264, 0, 1, 377, 377, 2, 3.20%, 7, 1, 2, 72.83
1560969346, 0, 1, 378, 378, 2, 3.20%, 7, 1, 2, 65.98
1560969356, 0, 1, 382, 382, 2, 3.20%, 7, 1, 2, 80.47
1560969361, 0, 1, 385, 385, 2, 3.21%, 7, 1, 2, 86.98
1560969366, 0, 1, 392, 392, 2, 3.21%, 7, 1, 2, 67.54
1560969376, 0, 1, 396, 396, 2, 3.22%, 7, 1, 2, 77.60
1560969381, 0, 1, 399, 399, 2, 3.22%, 7, 1, 2, 85.47
1560969386, 0, 1, 401, 401, 2, 3.22%, 9, 1, 2, 71.99
1560969391, 0, 1, 403, 403, 2, 3.22%, 9, 2, 2, 86.12
1560969397, 0, 1, 407, 407, 2, 3.22%, 9, 2, 2, 84.17
1560969407, 0, 1, 409, 409, 2, 3.22%, 9, 2, 2, 77.81
1560969412, 0, 1, 410, 410, 2, 3.22%, 9, 2, 2, 85.52
1560969417, 0, 1, 411, 411, 2, 3.24%, 9, 2, 2, 87.35
1560969427, 0, 1, 413, 413, 2, 3.24%, 9, 2, 2, 84.28
1560969432, 0, 1, 417, 417, 2, 3.24%, 9, 2, 2, 76.81
1560969437, 0, 1, 418, 418, 2, 3.24%, 10, 2, 2, 85.69
1560969447, 0, 1, 420, 420, 2, 3.24%, 10, 2, 2, 85.87
1560969462, 0, 1, 421, 421, 2, 3.24%, 10, 2, 2, 84.32
1560969467, 0, 1, 422, 422, 2, 3.25%, 10, 2, 2, 85.71
1560969472, 0, 1, 423, 423, 2, 3.25%, 10, 2, 2, 84.61
1560969477, 0, 1, 424, 424, 2, 3.25%, 10, 2, 2, 81.82
1560969488, 0, 1, 424, 424, 2, 3.25%, 10, 3, 2, 4.27
1560969498, 0, 1, 425, 425, 2, 3.25%, 10, 3, 2, 81.88
1560969518, 0, 1, 426, 426, 2, 3.25%, 10, 3, 2, 86.54
1560969523, 0, 1, 428, 428, 2, 3.25%, 10, 3, 2, 2.25
1560969528, 0, 1, 429, 429, 2, 3.25%, 10, 3, 2, 4.17
1560969539, 0, 1, 430, 430, 2, 3.25%, 10, 3, 2, 83.53
1560969544, 0, 1, 431, 431, 2, 3.25%, 11, 3, 2, 4.48
1560969554, 0, 1, 432, 432, 2, 3.25%, 11, 3, 2, 82.36
1560969569, 0, 1, 433, 433, 2, 3.25%, 11, 3, 2, 83.05
1560969574, 0, 1, 434, 434, 2, 3.25%, 11, 3, 2, 85.17
1560969595, 0, 1, 435, 435, 2, 3.25%, 11, 3, 2, 69.58
1560969600, 0, 1, 436, 436, 2, 3.25%, 11, 3, 2, 83.40
1560969605, 0, 1, 437, 437, 2, 3.25%, 11, 3, 2, 84.41
1560969615, 0, 1, 439, 439, 2, 3.25%, 11, 3, 2, 74.46
1560969620, 0, 1, 440, 440, 2, 3.25%, 12, 3, 2, 4.18
1560969625, 0, 1, 441, 441, 2, 3.25%, 13, 3, 2, 87.63
1560969630, 0, 1, 442, 442, 2, 3.26%, 13, 3, 2, 80.08
1560969645, 0, 1, 443, 443, 2, 3.26%, 14, 3, 2, 86.17
1560969661, 0, 1, 443, 443, 2, 3.26%, 15, 3, 2, 84.30
1560969666, 0, 1, 444, 444, 2, 3.26%, 15, 3, 2, 85.15
1560969691, 0, 1, 445, 445, 2, 3.26%, 15, 3, 2, 84.32
1560969706, 0, 1, 447, 447, 2, 3.26%, 15, 3, 2, 86.78
1560969711, 0, 1, 447, 447, 2, 3.26%, 16, 3, 2, 80.06
1560969737, 0, 1, 449, 449, 2, 3.26%, 17, 3, 2, 78.14
1560969742, 0, 1, 450, 450, 2, 3.26%, 17, 3, 2, 3.89
1560969752, 0, 1, 451, 451, 2, 3.26%, 17, 3, 2, 79.73
1560969772, 0, 1, 452, 452, 2, 3.26%, 17, 3, 2, 84.16
1560969777, 0, 1, 454, 454, 2, 3.26%, 17, 3, 2, 3.89
1560969793, 0, 1, 455, 455, 2, 3.27%, 18, 3, 2, 79.14
1560969803, 0, 1, 456, 456, 2, 3.27%, 18, 3, 2, 85.87
1560969818, 0, 1, 457, 457, 2, 3.27%, 18, 3, 2, 44.83
1560969823, 0, 1, 458, 458, 2, 3.27%, 18, 3, 2, 84.01
1560969828, 0, 1, 459, 459, 2, 3.27%, 18, 3, 2, 80.75
1560969833, 0, 1, 460, 460, 2, 3.27%, 18, 3, 2, 79.77
1560969838, 0, 2, 460, 459, 149, 3.27%, 19, 3, 2, 74.90
1560969859, 0, 2, 461, 460, 149, 3.27%, 19, 3, 2, 3.25
1560969864, 0, 2, 462, 461, 149, 3.29%, 19, 3, 2, 77.67
1560970057, 0, 2, 463, 462, 149, 3.29%, 19, 3, 2, 73.05
1560970067, 0, 2, 463, 462, 149, 3.29%, 20, 3, 2, 10.33
1560970107, 0, 2, 463, 462, 149, 3.29%, 21, 3, 2, 11.29
1560970143, 0, 2, 464, 463, 149, 3.29%, 21, 3, 2, 78.05
1560970153, 0, 2, 467, 466, 149, 3.29%, 21, 3, 2, 83.41
1560970158, 0, 2, 469, 468, 149, 3.29%, 21, 3, 2, 9.49
1560970163, 0, 2, 470, 469, 149, 3.29%, 21, 3, 2, 76.33
1560970381, 0, 2, 471, 470, 149, 3.29%, 21, 3, 2, 3.58
1560970468, 0, 2, 472, 471, 149, 3.29%, 21, 3, 2, 75.11
1560970778, 0, 2, 473, 472, 149, 3.29%, 21, 3, 2, 68.44
1560970880, 0, 2, 474, 473, 149, 3.29%, 21, 3, 2, 4.05
1560970890, 0, 2, 479, 478, 149, 3.29%, 21, 3, 2, 81.36
1560973658, 0, 2, 480, 479, 149, 3.29%, 21, 3, 2, 76.85
1560973673, 0, 2, 481, 480, 149, 3.29%, 21, 3, 2, 24.06
1560973683, 0, 2, 482, 481, 149, 3.29%, 21, 3, 2, 69.59
1560974248, 0, 2, 483, 482, 149, 3.30%, 21, 3, 2, 81.52
1560974273, 0, 2, 484, 483, 149, 3.30%, 21, 3, 2, 83.24
1560974283, 0, 2, 484, 483, 149, 3.30%, 21, 4, 2, 83.24
1560974298, 0, 2, 484, 483, 149, 3.30%, 22, 4, 2, 85.79
1560974303, 0, 4, 484, 482, 154, 3.30%, 22, 4, 2, 82.30
1560974384, 0, 4, 488, 486, 154, 3.32%, 22, 4, 3, 86.62
1560974410, 0, 4, 489, 487, 154, 3.32%, 22, 4, 3, 89.03
1560974440, 0, 4, 490, 488, 154, 3.32%, 22, 4, 3, 78.93
1560974451, 0, 4, 491, 489, 154, 3.33%, 22, 4, 3, 83.55
1560974456, 0, 4, 492, 490, 154, 3.33%, 22, 4, 3, 86.22
1560974486, 0, 4, 493, 491, 154, 3.34%, 22, 4, 3, 86.31
1560974507, 0, 4, 494, 492, 154, 3.34%, 22, 4, 3, 4.42
1560974705, 0, 4, 495, 493, 154, 3.34%, 22, 4, 3, 85.46
1560974837, 0, 5, 495, 492, 161, 3.34%, 22, 4, 3, 86.96
1560974929, 0, 6, 495, 491, 160, 3.34%, 22, 4, 3, 82.72
1560975026, 0, 7, 495, 490, 159, 3.34%, 22, 4, 3, 85.49
1560975123, 0, 8, 495, 489, 159, 3.34%, 22, 4, 3, 86.84
1560975214, 0, 10, 495, 488, 158, 3.34%, 22, 4, 3, 83.62
1560975295, 0, 10, 496, 489, 158, 3.34%, 22, 4, 3, 3.45
1560975311, 0, 10, 497, 490, 158, 3.34%, 22, 4, 3, 76.17
1560975469, 0, 10, 498, 491, 158, 3.34%, 22, 4, 3, 78.44
1560975474, 0, 10, 500, 493, 158, 3.35%, 23, 4, 3, 27.63
1560975490, 0, 10, 501, 494, 158, 3.35%, 23, 4, 3, 79.36
1560975515, 0, 10, 501, 494, 158, 3.35%, 24, 4, 3, 83.33
1560975550, 0, 10, 504, 497, 158, 3.35%, 24, 4, 3, 75.16
1560975555, 0, 10, 511, 504, 158, 3.35%, 24, 4, 3, 16.09
1560975576, 0, 10, 512, 505, 158, 3.38%, 24, 4, 3, 90.00
1560975636, 0, 10, 513, 506, 158, 3.38%, 24, 4, 3, 4.29
1560975814, 0, 10, 514, 507, 158, 3.38%, 24, 4, 3, 74.58
1560976232, 0, 10, 515, 508, 158, 3.38%, 24, 4, 3, 85.28
1560976293, 0, 10, 517, 510, 158, 3.38%, 24, 4, 3, 70.94
1560976313, 0, 10, 518, 511, 158, 3.38%, 24, 4, 3, 4.72
1560977086, 0, 10, 520, 513, 158, 3.38%, 24, 4, 3, 73.56
1560977091, 0, 10, 522, 515, 158, 3.38%, 24, 4, 3, 75.38
1560977096, 0, 10, 523, 516, 158, 3.38%, 24, 4, 3, 44.42
1560977248, 0, 10, 524, 517, 158, 3.38%, 24, 4, 3, 2.31
1560979293, 0, 10, 525, 518, 158, 3.38%, 24, 4, 3, 45.51
1560979907, 0, 10, 526, 519, 158, 3.38%, 24, 4, 3, 71.77
1560979913, 0, 10, 527, 520, 158, 3.38%, 24, 4, 3, 79.52
1560979928, 0, 10, 527, 520, 158, 3.38%, 25, 4, 3, 83.06
1560979938, 0, 10, 528, 521, 158, 3.38%, 25, 4, 3, 84.03
1560979963, 0, 10, 529, 522, 158, 3.38%, 26, 4, 3, 2.33
1560979984, 0, 10, 530, 523, 158, 3.38%, 26, 4, 3, 83.51
1560979994, 0, 10, 531, 524, 158, 3.38%, 26, 4, 3, 83.21
1560980004, 0, 10, 532, 525, 158, 3.38%, 26, 4, 3, 83.09
1560980009, 0, 10, 533, 526, 158, 3.38%, 26, 4, 3, 83.18
1560980039, 0, 10, 534, 527, 158, 3.38%, 26, 4, 3, 84.34
1560980044, 0, 10, 536, 529, 158, 3.38%, 26, 4, 3, 87.05
1560980054, 0, 10, 537, 530, 158, 3.38%, 26, 4, 3, 86.54
1560980059, 0, 10, 537, 530, 158, 3.38%, 27, 4, 3, 82.92
1560980064, 0, 10, 539, 532, 158, 3.38%, 27, 4, 3, 85.22
1560980079, 0, 10, 540, 533, 158, 3.39%, 27, 4, 3, 80.54
1560980090, 0, 10, 541, 534, 158, 3.39%, 27, 4, 3, 82.93
1560980100, 0, 10, 542, 535, 158, 3.39%, 27, 4, 3, 84.49
1560980120, 0, 10, 543, 536, 158, 3.39%, 27, 4, 3, 82.51
1560980141, 0, 10, 543, 536, 158, 3.39%, 28, 4, 3, 77.18
1560980146, 0, 10, 543, 536, 158, 3.39%, 29, 4, 3, 84.08
1560980161, 0, 10, 544, 537, 158, 3.39%, 29, 4, 3, 84.09
1560980191, 0, 10, 545, 538, 158, 3.39%, 29, 4, 3, 80.73
1560980202, 0, 10, 545, 538, 158, 3.39%, 30, 4, 3, 80.42
1560980212, 0, 10, 545, 538, 158, 3.39%, 31, 4, 3, 3.52
1560980238, 0, 10, 546, 539, 158, 3.39%, 31, 4, 3, 82.02
1560980243, 0, 10, 547, 540, 158, 3.39%, 31, 4, 3, 83.01
1560980340, 0, 10, 548, 541, 158, 3.39%, 31, 4, 3, 2.35
1560980355, 0, 10, 549, 542, 158, 3.39%, 31, 4, 3, 71.53
1560980376, 0, 13, 549, 541, 163, 3.39%, 31, 4, 3, 88.64
1560981505, 0, 13, 550, 542, 163, 3.40%, 31, 4, 3, 87.53
1560981515, 0, 13, 551, 543, 163, 3.40%, 31, 4, 3, 85.00
1560981560, 0, 16, 553, 544, 163, 3.40%, 31, 4, 3, 89.71
1560981571, 0, 16, 554, 545, 163, 3.40%, 31, 4, 3, 87.29
1560981576, 0, 16, 555, 546, 163, 3.40%, 31, 4, 3, 86.96
1560981765, 0, 17, 555, 545, 162, 3.40%, 31, 4, 3, 2.34
1560981790, 0, 17, 556, 546, 162, 3.40%, 31, 4, 3, 4.00
1560983547, 0, 23, 556, 545, 162, 3.40%, 31, 4, 3, 84.12
1560983567, 0, 23, 557, 546, 162, 3.40%, 31, 4, 3, 79.69
1560983773, 0, 23, 558, 547, 162, 3.40%, 31, 4, 3, 74.59
1560983779, 0, 23, 558, 547, 162, 3.40%, 32, 4, 3, 64.68
1560983789, 0, 23, 559, 548, 162, 3.40%, 32, 4, 3, 73.79
1560983871, 0, 23, 560, 549, 162, 3.41%, 32, 4, 3, 74.01
1560984646, 0, 23, 561, 550, 162, 3.41%, 32, 4, 3, 88.29
