# unix_time, cycles_done, cur_path, paths_total, pending_total, pending_favs, map_size, unique_crashes, unique_hangs, max_depth, execs_per_sec
1558500518, 0, 0, 1, 1, 1, 0.01%, 0, 0, 1, 72.07
1558500523, 0, 0, 2, 2, 1, 0.02%, 0, 0, 2, 124.88
1558500533, 0, 1, 3, 2, 1, 0.02%, 0, 0, 3, 139.88
1558500543, 0, 2, 4, 2, 1, 0.02%, 0, 0, 4, 136.02
1558500554, 0, 3, 4, 1, 1, 0.02%, 1, 0, 4, 138.81
1558500569, 1, 0, 4, 0, 0, 0.02%, 1, 0, 4, 144.08
1558500574, 1, 2, 4, 0, 0, 0.02%, 1, 0, 4, 134.85
1558500579, 2, 0, 4, 0, 0, 0.02%, 1, 0, 4, 134.16
1558500585, 2, 2, 4, 0, 0, 0.02%, 1, 0, 4, 144.06
1558500590, 2, 3, 4, 0, 0, 0.02%, 1, 0, 4, 142.10
1558500595, 3, 0, 4, 0, 0, 0.02%, 1, 0, 4, 141.38
1558500600, 3, 2, 4, 0, 0, 0.02%, 1, 0, 4, 138.93
1558500605, 3, 3, 4, 0, 0, 0.02%, 1, 0, 4, 139.75
1558500610, 4, 0, 4, 0, 0, 0.02%, 1, 0, 4, 140.93
1558500615, 4, 1, 4, 0, 0, 0.02%, 1, 0, 4, 135.30
1558500621, 4, 3, 4, 0, 0, 0.02%, 1, 0, 4, 135.93
1558500631, 5, 1, 4, 0, 0, 0.02%, 1, 0, 4, 131.00
1558500636, 5, 3, 4, 0, 0, 0.02%, 1, 0, 4, 138.19
1558500646, 6, 1, 4, 0, 0, 0.02%, 1, 0, 4, 136.88
1558500652, 6, 3, 4, 0, 0, 0.02%, 1, 0, 4, 141.57
1558500662, 7, 1, 4, 0, 0, 0.02%, 1, 0, 4, 138.54
1558500667, 7, 3, 4, 0, 0, 0.02%, 1, 0, 4, 140.85
1558500677, 8, 1, 4, 0, 0, 0.02%, 1, 0, 4, 141.90
1558500682, 8, 3, 4, 0, 0, 0.02%, 1, 0, 4, 145.82
1558500693, 9, 1, 4, 0, 0, 0.02%, 1, 0, 4, 137.60
1558500698, 9, 3, 4, 0, 0, 0.02%, 1, 0, 4, 140.48
1558500708, 10, 1, 4, 0, 0, 0.02%, 1, 0, 4, 135.45
1558500713, 10, 3, 4, 0, 0, 0.02%, 1, 0, 4, 139.08
1558500724, 11, 0, 4, 0, 0, 0.02%, 1, 0, 4, 139.35
1558500729, 11, 3, 4, 0, 0, 0.02%, 1, 0, 4, 137.73
1558500739, 12, 0, 4, 0, 0, 0.02%, 1, 0, 4, 136.33
1558500744, 12, 3, 4, 0, 0, 0.02%, 1, 0, 4, 135.43
1558500754, 13, 0, 4, 0, 0, 0.02%, 1, 0, 4, 135.56
1558500760, 13, 2, 4, 0, 0, 0.02%, 1, 0, 4, 126.88
1558500765, 13, 3, 4, 0, 0, 0.02%, 1, 0, 4, 132.91
1558500775, 14, 1, 4, 0, 0, 0.02%, 1, 0, 4, 131.12
1558500780, 14, 3, 4, 0, 0, 0.02%, 1, 0, 4, 138.64
1558500790, 15, 1, 4, 0, 0, 0.02%, 1, 0, 4, 143.66
1558500796, 15, 3, 4, 0, 0, 0.02%, 1, 0, 4, 139.00
1558500806, 16, 0, 4, 0, 0, 0.02%, 1, 0, 4, 140.02
1558500811, 16, 2, 4, 0, 0, 0.02%, 1, 0, 4, 141.32
1558500816, 16, 3, 4, 0, 0, 0.02%, 1, 0, 4, 146.50
1558500821, 17, 0, 4, 0, 0, 0.02%, 1, 0, 4, 138.84
1558500826, 17, 1, 4, 0, 0, 0.02%, 1, 0, 4, 106.64
1558500832, 17, 3, 4, 0, 0, 0.02%, 1, 0, 4, 123.33
1558500842, 18, 0, 4, 0, 0, 0.02%, 1, 0, 4, 128.32
1558500847, 18, 1, 4, 0, 0, 0.02%, 1, 0, 4, 120.91
1558500852, 18, 3, 4, 0, 0, 0.02%, 1, 0, 4, 125.03
1558500863, 19, 1, 4, 0, 0, 0.02%, 1, 0, 4, 127.26
1558500868, 19, 3, 4, 0, 0, 0.02%, 1, 0, 4, 127.96
