# unix_time, cycles_done, cur_path, paths_total, pending_total, pending_favs, map_size, unique_crashes, unique_hangs, max_depth, execs_per_sec
1558503961, 0, 0, 1, 1, 1, 0.06%, 0, 0, 1, 44.94
1558503966, 0, 0, 2, 2, 1, 0.07%, 0, 0, 2, 69.44
1558503971, 0, 0, 5, 5, 1, 0.09%, 1, 0, 2, 75.05
1558504033, 0, 1, 6, 5, 4, 0.10%, 1, 0, 3, 77.11
1558504048, 0, 2, 6, 4, 4, 0.10%, 1, 0, 3, 75.80
1558504059, 0, 3, 6, 3, 3, 0.10%, 1, 0, 3, 76.51
1558504079, 0, 4, 6, 2, 2, 0.10%, 1, 0, 3, 72.75
1558504125, 0, 5, 7, 2, 1, 0.10%, 1, 0, 4, 76.95
1558504141, 0, 6, 7, 1, 1, 0.10%, 1, 0, 4, 74.92
1558504146, 0, 6, 7, 1, 1, 0.10%, 2, 0, 4, 77.54
1558504161, 1, 0, 7, 0, 0, 0.10%, 2, 0, 4, 67.48
1558504166, 1, 3, 7, 0, 0, 0.10%, 2, 0, 4, 67.93
1558504172, 1, 6, 7, 0, 0, 0.10%, 2, 0, 4, 65.03
1558504177, 2, 0, 7, 0, 0, 0.10%, 2, 0, 4, 66.17
1558504182, 2, 1, 7, 0, 0, 0.10%, 2, 0, 4, 66.38
1558504187, 2, 3, 7, 0, 0, 0.10%, 2, 0, 4, 65.74
1558504192, 2, 5, 7, 0, 0, 0.10%, 2, 0, 4, 115.75
1558504197, 3, 1, 7, 0, 0, 0.10%, 2, 0, 4, 191.14
1558504202, 3, 5, 7, 0, 0, 0.10%, 2, 0, 4, 203.57
1558504208, 4, 1, 7, 0, 0, 0.10%, 2, 0, 4, 208.20
1558504213, 4, 5, 7, 0, 0, 0.10%, 2, 0, 4, 198.00
1558504218, 5, 1, 7, 0, 0, 0.10%, 2, 0, 4, 216.02
1558504223, 5, 5, 7, 0, 0, 0.10%, 2, 0, 4, 220.74
1558504228, 6, 1, 7, 0, 0, 0.10%, 2, 0, 4, 222.74
1558504233, 6, 6, 7, 0, 0, 0.10%, 2, 0, 4, 227.53
1558504238, 7, 2, 7, 0, 0, 0.10%, 2, 0, 4, 224.68
1558504243, 7, 6, 7, 0, 0, 0.10%, 2, 0, 4, 226.40
1558504248, 8, 3, 7, 0, 0, 0.10%, 2, 0, 4, 227.93
1558504253, 8, 6, 7, 0, 0, 0.10%, 2, 0, 4, 223.83
1558504258, 9, 4, 7, 0, 0, 0.10%, 2, 0, 4, 219.13
1558504263, 10, 0, 7, 0, 0, 0.10%, 2, 0, 4, 221.62
1558504269, 10, 5, 7, 0, 0, 0.10%, 2, 0, 4, 226.75
1558504457, 10, 6, 7, 0, 0, 0.10%, 2, 0, 4, 0.02
